.Random.seed <-
c(403L, 116L, 1906637228L, 2121434181L, 726561544L, -374110960L, 
673991933L, -558394821L, 402424383L, -1869360888L, -1572853246L, 
1997462912L, 440393521L, 1456678414L, -2043770987L, 860131807L, 
489167220L, -1121947345L, -1794546341L, -617799387L, 719179726L, 
1027242148L, -923212353L, -699278455L, 1352891938L, 820898792L, 
-1111549399L, 1880452835L, 792914664L, -523694245L, -320347619L, 
1752065096L, -607800066L, -1700298963L, -1050248456L, 611031652L, 
-881658131L, 1374269306L, 1672053688L, 1950320913L, -1373789413L, 
-2038090348L, -771166531L, 1430436083L, 921620086L, -705538274L, 
-1631376021L, -1254320319L, 1564337871L, 372290280L, -54006860L, 
-1012446073L, 1083881134L, -874655711L, -1144115706L, -858210182L, 
1863458009L, -1087502453L, 690006752L, -434837483L, 1541416927L, 
-1813960862L, 609736505L, 97592920L, 1363088817L, -454489861L, 
1451191060L, -655741468L, 1826476096L, -634017882L, -802403249L, 
-1179384764L, -883798818L, -1049922587L, 989997907L, -1409224099L, 
208652017L, 1811739856L, -1464881197L, -61414069L, -1682186037L, 
-1420706660L, -932186295L, 1188359866L, 742056298L, 1180241342L, 
-1654086090L, -176143734L, 1322370119L, 1724089529L, 73028171L, 
1996406768L, 1347702666L, 1491280279L, -1442775688L, 1722170644L, 
-478538701L, -1666383170L, -21464447L, -28449675L, 384554358L, 
-873128002L, 1821889344L, 1429034021L, -279401331L, 824328076L, 
-1834841904L, 1719339693L, 513490635L, -1916855258L, 787621382L, 
1341426981L, 1002059553L, 1277755893L, 1242836451L, 1167779L, 
-1756038586L, -419932979L, -1634023487L, 1859033801L, -992942074L, 
606619425L, -701950742L, -1193727723L, -1757652850L, -1471872966L, 
-152332394L, 2064608800L, -104336545L, 207837475L, 2006355262L, 
1310260198L, 1793993218L, -819096289L, -374760839L, -1993278884L, 
2027684968L, 662421279L, 2013563897L, 428038691L, -2127843790L, 
1211005L, -753874233L, -2041520625L, 907105324L, 564240780L, 
1060963890L, -1550005140L, -2127886833L, -1352397266L, -687625605L, 
414961787L, 76095916L, -1682124101L, -1931939655L, 258975264L, 
453070198L, -1724377086L, 395495840L, 262908972L, -1439574581L, 
-2745954L, 669296489L, -57188056L, 1186612871L, -912427315L, 
2053471209L, -1683561295L, 2078585342L, 845650473L, -585444663L, 
-1719780460L, 1616512007L, 1544085189L, -412711365L, 392874491L, 
1947945199L, -1369677128L, -2016811994L, -1626558355L, 2018207834L, 
-316384111L, -869966414L, 954678147L, 603911691L, 916813254L, 
-1783861686L, 1869310693L, -217963781L, -77170333L, -502880271L, 
745479971L, -1896118844L, -1547402736L, -1711409132L, 469155993L, 
606412155L, 1661105715L, -1980402579L, -1635604787L, 1755025284L, 
586131791L, 360719281L, -374614040L, -426274229L, -1937383242L, 
1316285046L, -1592661621L, 1092740900L, 1871248188L, -843702085L, 
486550801L, -40549068L, -1786235055L, 1977010392L, 869351407L, 
1257742393L, 1183847978L, -788711441L, 1807532810L, -2028119244L, 
2143707944L, 1370421847L, -535572686L, -565726157L, -1039297555L, 
-244651258L, -985034422L, -1873338266L, 1814653805L, 418484067L, 
808596112L, 1406634377L, -1922367604L, 683506385L, -737636289L, 
-1026723477L, -809220543L, -838448977L, 759019552L, 341196014L, 
-1565137907L, 296947137L, -1933813134L, 1097516108L, -1418823972L, 
1553469612L, 8876354L, 1017225418L, -1423767575L, -1211122185L, 
1408128855L, -1882991995L, 1827329031L, -770476896L, 637221811L, 
135161521L, 1479604096L, -777293633L, 1805852668L, -1404802706L, 
1261887060L, -265535968L, -2146349985L, 2010092621L, -299503268L, 
-1478928543L, -950210346L, 677329448L, -361090759L, -130280391L, 
842927309L, -1101591L, -1916282027L, -926542246L, 766005757L, 
-2123874383L, 1729521826L, -16613654L, -1226291012L, -275108022L, 
-151380851L, 1308435723L, -1988054902L, -1548617850L, -1306388903L, 
1231205364L, -624914805L, -913715137L, 1494654213L, -1158907100L, 
468559302L, -966374575L, -1473620564L, -1745138843L, -704177758L, 
-1065825770L, -1549494387L, 1248218678L, -269376398L, -1023485042L, 
631279197L, -1684997479L, 589682313L, -48353310L, 176546452L, 
-1070156803L, -262248900L, -1146623834L, 1985527167L, -721453906L, 
-2120661291L, -258859092L, -1972893028L, 1483801676L, -1030055049L, 
-1691797873L, -1653805195L, -1246564243L, 385320187L, 2049366238L, 
478957091L, -250599360L, -680508049L, 1606741585L, 253392547L, 
-488172786L, -1242622869L, 531676228L, -277063654L, 1258313736L, 
-38024926L, 136638351L, 1656194049L, 23013346L, -884947508L, 
-1947604610L, 676507874L, -740790000L, 784625374L, -678136879L, 
1858422923L, 1585822920L, -1656564324L, 16518775L, -1667889312L, 
-425490870L, -428339573L, -1644976789L, -1413551844L, 1137737367L, 
-739590232L, -598369174L, -563412138L, 1273001763L, -917143304L, 
-1776871583L, 974563874L, 1211680017L, 1085909656L, 1029726114L, 
993815129L, 1290415664L, 1779449L, -1605580089L, -1972859506L, 
-1579148509L, 1154968824L, 1961491772L, -157227025L, 724832878L, 
-820180564L, 584994048L, 1719820785L, 365720130L, 1075823452L, 
813053782L, 1887200995L, 585602261L, 1349338756L, -450981561L, 
1275826616L, -1359386794L, 1359555929L, -486440456L, 1983203678L, 
-1384828536L, 1263762087L, -335111199L, 1530228625L, -317864810L, 
2131738664L, -2007310681L, 635218804L, -381855119L, 771811745L, 
-2043508191L, 1269077135L, -1447212855L, -14261569L, 164082608L, 
1493964212L, -454726554L, -484251513L, -1008719694L, 320136869L, 
-2041284481L, -1989132650L, 1303008950L, 2080767033L, -803923162L, 
1605874184L, -834356374L, 3999911L, 1634851885L, 810691102L, 
2005210165L, -1236365769L, -720902526L, -1456627136L, -473661991L, 
-91507079L, 227723045L, -241381796L, -1589745694L, -457143305L, 
-1718159268L, -693839148L, -310290800L, -911000247L, 978227207L, 
-1972692972L, 1454440749L, 646224085L, -1612714488L, -866830804L, 
-1136614379L, -1639606929L, -198468876L, 263632077L, 1786450723L, 
990173836L, -1433623234L, 118571271L, 1736577322L, -1393333535L, 
662422492L, 328147133L, -1192328221L, 1074690380L, 1168008013L, 
-1905858262L, 1767533910L, -1487869211L, -1057914818L, 1487749929L, 
1323934748L, 751219800L, -846754749L, 200921335L, -1271599227L, 
-1907363469L, -1676552873L, 807830884L, -1130043746L, -703331341L, 
-1243075047L, 161493548L, 723195202L, 1908769037L, 112995813L, 
1639957307L, 118091207L, 1581118146L, 1375292978L, -304102032L, 
1786702184L, 1037759302L, 379770137L, -54574991L, -1296972618L, 
1820074615L, 1064050954L, -1548251195L, -1285957636L, 2004647709L, 
457807498L, -329716438L, -1836576689L, -795468859L, -1265063427L, 
-1948397502L, 632694318L, -730965908L, -1575870796L, 1169908151L, 
618930211L, -1754206761L, -993430522L, -1387779838L, -1518892316L, 
29035111L, 60114777L, 752980009L, -1348844308L, -1816165340L, 
1380550741L, 1722065242L, -593753114L, 1831563409L, 2014001391L, 
812754611L, 357787829L, -2119634046L, -1300834329L, 74343268L, 
1141313035L, 1130070774L, -341592788L, 1893268808L, -1311497123L, 
-1146903433L, 858802731L, -1901338883L, 1363888221L, -194735805L, 
1612572398L, 1424455963L, 1146647996L, -51180184L, -2066385074L, 
1246624485L, 1113875634L, -758435256L, 1570647330L, -158756334L, 
823181157L, 820495379L, 526703385L, 1125030355L, 1890144442L, 
1329681843L, 79449005L, 24514015L, 1282835679L, 1974696890L, 
-85439166L, -77042502L, -107027489L, -1326098219L, 1261454169L, 
1096487257L, -248662497L, -572247810L, -639741961L, -1747183116L, 
-311900227L, -1664160221L, 1316123484L, 488595750L, -1992808962L, 
2034459933L, 777798172L, -1548690354L, 126623253L, -565728597L, 
274951948L, -1266196958L, -901472071L, -565321226L, 199077473L, 
236000668L, -931147046L, -1301228569L, -907072056L, 601872043L, 
-550237351L, 1586244767L, -211852210L, -1572295506L, -655625950L, 
-869534138L, -490168530L, -1749683960L, -1555801020L, 1491504601L, 
-1278061478L, -771906284L, -79419675L, 973696012L, 1271919042L, 
289779990L, 1537705356L, 2027507352L, 709417563L, 317575402L, 
1409463584L, -1525449249L, 570314096L, -1602015878L, -1269827552L, 
-166324138L, -650919699L, -668136819L, 141821888L, -1280173045L, 
