.Random.seed <-
c(403L, 222L, -1863224662L, 582364776L, -2146031672L, -1889210222L, 
340777690L, 90475419L, -1268498340L, -471783272L, 105485151L, 
396557483L, -860516423L, -698408940L, 833097676L, -1327588946L, 
-385585718L, -1408373247L, -913645855L, 1282698676L, 1983377510L, 
238527092L, 2014715318L, 1812672968L, -151819277L, -1096616184L, 
574439685L, -1849865274L, -865605140L, -1736831965L, -1502611982L, 
964547212L, 1142725753L, -785761072L, 1958382812L, 456525653L, 
1344226499L, -1326981286L, -2119983199L, 1378746424L, 890119980L, 
785608068L, -49350061L, -1996149618L, -30274170L, 1094575573L, 
-138509840L, 1281429400L, -326690861L, -481624702L, -230614841L, 
-1695437788L, -1731330186L, 1369777833L, -816119854L, -36498414L, 
456355096L, -927030109L, 1110410503L, -1883382686L, -712677133L, 
-902097686L, 1757115539L, -280801713L, 1253775611L, -1022682068L, 
1040615066L, 1942530534L, -829433611L, 1968011774L, -1044342310L, 
2116588187L, 602715605L, -760154041L, -345019334L, 85017190L, 
978266094L, 1731431137L, -1815586616L, 1910503039L, 1832184571L, 
-2056195559L, 1052250412L, -1103433405L, -365371237L, -956579421L, 
503279923L, -2130443881L, 958954808L, 698873582L, -357015088L, 
706307427L, -950670733L, 1829031486L, 735407090L, -1968649156L, 
1633684890L, 678371101L, 1573864919L, 1090923151L, 570085066L, 
-2094088056L, -2118541541L, 1240168780L, 159869139L, 309996586L, 
-1489934660L, -1050576585L, 689960923L, -1976011345L, -647136162L, 
-1851748968L, -2121469142L, 65842890L, -1779481745L, 1949858100L, 
-232722934L, -1039405477L, -1506197270L, 107888048L, -484266271L, 
-378799321L, 110071733L, -1066490219L, 1593430657L, -158964543L, 
1067838655L, -1325669830L, 2019230394L, 357896756L, 1815530596L, 
-15099697L, -356332832L, -216335232L, -1205482866L, 1049884060L, 
2036782445L, -224824433L, -233361938L, -1455678532L, 727809856L, 
-42486566L, 132424284L, -864994619L, -546417137L, -1919476251L, 
-800192217L, 226172410L, -1648131178L, -1010149300L, 559207992L, 
-82401718L, -1655912483L, -1354838529L, -25528460L, -2055025647L, 
1087215337L, -267479762L, 106556786L, -1754323684L, -1923948945L, 
1749034592L, 91417885L, 1938444343L, 1043697040L, -1432694615L, 
340236109L, -1741850877L, -1876405532L, -846142264L, -501505603L, 
-1343612575L, -490864445L, -1533150292L, -327131543L, -1389757536L, 
250069020L, 884515772L, -1735376134L, -524721770L, -2129526341L, 
949566078L, -909135359L, 34006294L, -892883295L, -1616370633L, 
378409486L, 1186544805L, 530560043L, 710693572L, 856874155L, 
684480790L, -138033552L, -1676252663L, -1656477536L, 2106980904L, 
-95714964L, 2001905001L, -1756102479L, 1002563991L, 1945167317L, 
-933728677L, 1833913140L, -683014087L, 1798007372L, 1344390014L, 
-981862210L, 1232114759L, -106144154L, -2114296620L, -837464585L, 
315248263L, -1448087827L, -1725438470L, -1692442767L, -2137521360L, 
-2059085366L, -1267703018L, -1648399800L, 1785422012L, 805344988L, 
-1992439329L, -756442777L, -712066623L, 522446604L, -704817740L, 
-118498673L, -169414442L, 472518121L, 1872053857L, 1255651621L, 
-1537958779L, -1553899886L, 786725407L, 2012979237L, 2090184692L, 
-68000851L, 1162405373L, 118415548L, -1443090138L, -1197882481L, 
-228703862L, -176141400L, -1895147005L, -159383756L, 249251877L, 
-99797011L, -1741741455L, 1963887117L, 1905990700L, 897717480L, 
-755139838L, 113137271L, -1197696595L, 1056115049L, -35446936L, 
259669625L, -243648553L, 1730760236L, 810586465L, 957284620L, 
-1110603671L, -208022659L, 452938697L, 1313836385L, -140870733L, 
2125605207L, -76283699L, 370035359L, 327617779L, 89745707L, 737798483L, 
834177745L, 1753652064L, -1381114736L, -94102050L, 596060709L, 
-1162682681L, 600561125L, 704974903L, -544845506L, 1729149855L, 
-2034670958L, 1691628358L, 1291468785L, 1228344489L, -1787817052L, 
-687531362L, 1573900780L, 1629626677L, 1473160469L, -1323555946L, 
255640097L, 1490666868L, 406473401L, -1803797591L, -1251518896L, 
-783694488L, 1153414488L, 643683420L, -663642492L, -1098637120L, 
1856797737L, 1104677490L, 2052481415L, 1922548000L, 1735593342L, 
225026183L, -1005227235L, -1173850021L, -1684098127L, -1243504256L, 
40399760L, -1955530797L, 313190516L, 221750196L, -450111094L, 
-264396456L, -1158882920L, -855270890L, 679516841L, 966049765L, 
637231340L, -1823337133L, -1010040021L, -1300728802L, 798155369L, 
1819174302L, 986438819L, 2142337976L, -390275663L, 669455547L, 
669369626L, -2087904825L, -466589401L, 812346900L, -668478478L, 
1340158230L, -120009587L, -1880789874L, -1632374220L, -4598688L, 
365350467L, -1730168147L, 475802315L, 1168005965L, -957425621L, 
-1395757404L, -826841253L, -209524508L, 1301697733L, -1009818200L, 
-1662570450L, 151212877L, 473212197L, -1626111347L, 1713359443L, 
-279348773L, -524533921L, 1410506513L, -188598691L, -1622089967L, 
114408621L, 970087782L, 1042810642L, 1727096136L, -2141206185L, 
-761618216L, 1280925924L, 771998557L, 535387596L, 855650532L, 
-1281180761L, 963176351L, -825577374L, 1763482107L, -1664729517L, 
-1156671454L, 497192943L, 901688199L, -1442530847L, 554623669L, 
-1151859384L, -1664875944L, 1948319606L, 1976165515L, -1616347680L, 
-1944944214L, 1536858674L, -1479767250L, -682333325L, 1929800460L, 
-567454245L, -651119581L, -1075023393L, -1466925926L, 281376669L, 
-1611579566L, 1946288308L, 774192214L, 473204226L, -2110934196L, 
565046055L, 1370131290L, -7539779L, -269594489L, 1878291866L, 
379238514L, -150353174L, 1746712640L, -1862302126L, 1047758013L, 
808539091L, 551390453L, -671267128L, 1541262590L, 1349387656L, 
-1045488815L, -7123098L, 982800052L, -1808257186L, 1872617038L, 
-46358065L, 1866273315L, -123681867L, -1229205974L, 630144432L, 
292783286L, -1724075062L, -1174091469L, -1198761841L, 1821995091L, 
988382465L, -1141822164L, 712795344L, -926171618L, -428702339L, 
-1727437044L, 650733888L, -1836640935L, -443432185L, 237189026L, 
1167603351L, -23612809L, -1131384189L, -314237747L, -920236503L, 
-908129849L, 820298574L, -414915676L, 1411118061L, -214271728L, 
-544174496L, 681205140L, -1766628379L, 1760333788L, 473059510L, 
1480834928L, 609242784L, 1129946240L, 1332998880L, 120178173L, 
1075104366L, -448718001L, 567590311L, -1972960223L, -1825047426L, 
-1817281474L, 401920208L, -1881153929L, 946426631L, 1739465816L, 
-30912769L, 23589982L, 662347755L, 1512176894L, 1755097319L, 
2017995049L, 526688976L, -686182510L, -376687495L, 97607975L, 
1379335681L, -719328541L, -58492036L, -1196969638L, -1272275851L, 
-114839767L, 2086532245L, 1144710887L, -23337635L, 1650970121L, 
695705679L, -282425234L, 1635340303L, -632959637L, -1265420543L, 
539843834L, 1886621723L, -1671294003L, 1270999079L, -577184833L, 
-1716206110L, -223578020L, -172590867L, -771420652L, -943059476L, 
7145649L, -129756502L, -1935180675L, -1943146320L, 494688262L, 
-881184491L, -1374004780L, -1270982708L, 1811100515L, 1402433084L, 
-1504390313L, -702169707L, -1499400549L, 759905269L, 1185114067L, 
1330152651L, 1060126021L, -246697772L, -981974615L, -438088891L, 
-1506866667L, -496690680L, 597108603L, 1398391866L, -1205533729L, 
-1319598320L, -1032869067L, -1758197230L, 1587978959L, 888206698L, 
1642547311L, 1682349373L, 1504219349L, 1362184176L, 1342258165L, 
2005029629L, -528898868L, 740261952L, -941568513L, -1491308868L, 
-599077988L, -1789457374L, -205825825L, 77143952L, 1614213651L, 
-663617541L, 1956614793L, 445481296L, -1428456911L, -1358651069L, 
591689565L, -1042287651L, -638469720L, -1471354361L, -423447577L, 
1172166797L, 1991088729L, 932077512L, 1540884385L, 2126319286L, 
71684329L, -152428555L, 2102272289L, -1357619552L, -744843979L, 
-2131517651L, -1400877097L, 1569455810L, -878655474L, -181175438L, 
-715962425L, 1791183752L, -1079814239L, 1332628458L, 355315087L, 
1859093275L, -1155164905L, 1666690593L, 910719518L, 984956107L, 
-61942471L, 1361006155L, -326016773L, -2125978314L, 586862185L, 
1899497358L, -2053655923L, 818004979L, -775298590L, 940677680L, 
2082408380L, 1632342140L, 1221761896L, -1422633646L, -1488714161L, 
-352066254L, 452040964L, -1499958440L, 312866918L, 1785694617L, 
